5897
30844
13409
25824
17596
11149
20389
6374
22203
6507
18370
14270
10059
14349
24024
20452
12280
22190
24203
31290
8077
29543
1063
20683
17285
21260
20672
28684
16552
25520
26058
28400
28279
22639
7723
15433
25004
8318
22303
23945
21493
9040
2550
31240
23937
16790
7363
31198
26674
25296
31142
12896
19825
30078
10226
14598
25680
20376
13285
3888
8918
5416
31821
21543
27290
22043
2889
2198
21759
22806
25230
3803
24605
4081
11783
20076
19920
8599
32344
17282
18558
25261
28143
2098
9010
25203
5665
24998
28977
26081
22352
26348
8775
1527
16563
11530
9035
11448
3871
27769
14574
12374
5950
2388
9028
31395
26918
23831
15167
11212
28893
30639
16680
27270
27313
10006
2441
31032
2797
11031
18956
9247
4583
5487
25845
16542
27634
445
29060
25326
20881
14664
26341
4206
28572
12812
28854
31961
16543
23594
28725
26052
24926
7313
8374
24307
18152
21474
22584
25666
